sAmIr@123
Password
12341234
1a2b3c4d
12345678
123456789
1q2w3e4r
1234567890
1qaz2wsx  
abcd1234  
11111111  
987654321  
asdf1234  
abcd6789  
20202020  
1234qwer  
qwertyuiop  
q1w2e3r4  
88888888  
qwerty123  
passw0rd  
asdfghjkl  
asdfasdf  
87654321
987654321
0987654321
0192874635
1122334455
6789012345
5432109876
112233445566
7654321098
3141592654
23456789
98765432
345678901
1029384756
1357924680
2468135790
3579246801
1112223334
987612345
11223344
0101010101
123123123
456456456
789789789
1123581321
987654123
5432104321
2468246824
1230984567
9988776655
1010101010
8080808080
1928374650
123456789123
456789012345
567890123456
3216549870
9874561230
1239876543
5432198760
6789345123
1212121212
6543211234
5678909876
1112223333
1122334454
1237894561
8765432101
3692581470
8642097531
3579512846
9753186420
3145678987
6237480512
2589631470
4560123456
7891234567
9876545678
1346792580
8752469135
7418529630
9638527410
7531594860
2223334445
3334445556
9876543210
5556667778
1112223332
3217896540
9000000000
4321098765
6549871230
3145678923
8765432112
3217890987
9081726354
1234567899
8765432109
1239876549
6543210987
3456789876
8764321090
6541239876
0981234567
1234560000
2345670000
6543211111
2109876543
9081726345
9101112131
2123456789
8765430000
0987654320
6574839201
2109876542
3467891000
2312345678
9876534123
0981234560
2134567890
3586472910
12345678910  
Passw0rd  
147852369  
44444444  
xxxxxxxx  
a1234567  
999999999  
77777777  
789456123  
0123456789  
22222222  
12121212  
1234abcd  
aaaaaaaa  
a1b2c3d4  
abcdefgh  
1q2w3e4r5t    
asdfghjk  
12qwaszx  
12344321  
qwerty12  
hello123  
00000000  
mohamedmohamed  
wifi_parso  
orangeorange  
orongeoronge  
marocmaroc  
samirsamir  
CasaCasa  
FesFes  
AgadirAgadir  
WiFiWiFi  
RabatRabat  
TangerTanger  
MohamedMohamed  
20242025  
20202021  
20202024  
20232024  
20242023  
20252026  
12342024  
20242026  
Casa2024  
Maroc2025  
Agadir2026  
Mohamed2025  
Fes2024  
Rabat2023  
Tanger2026  
Wifi2025  
12342023  
43212024  
20231234  
67892024  
24682468  
20242525  
24242424  
52525252  
12349876  
56785678
