06381271
06794898
06579947
06933904
06826919
06867715
06700195
06684935
06807239
06354879
06685475
06451494
06671293
06193256
06313677
06782712
06926919
06851744
06057700
06107243
06070294
06486147
06498265
06632783
06022327
06553468
06991841
06138342
06867958
06997967
06416200
06727345
06732445
06986299
06868461
06602576
06351052
06628330
06943602
06121294
06413312
06036795
06237546
06283771
06001684
06226066
06062235
06850321
06999982
06007332
06550135
06584582
06275787
06572169
06663356
06924558
06150143
06160756
06814348
06682232
06667041
06474407
06928626
06980650
06821849
06373292
06002874
06170575
06156882
06463727
06860081
06401936
06969826
06989426
06464459
06166533
06035117
06430112
06846924
06270953
06042955
06766398
06098444
06481965
06129337
06221853
06725933
06695744
06466481
06726118
06381129
06784814
06854601
06763257
06382743
06327163
06370544
06579380
06245401
06498660
06059665
06509771
06146714
06995454
06738288
06517353
06651152
06136386
06700971
06905656
06362038
06828290
06714436
06215003
06976229
06721698
06946848
06627010
06657828
06987285
06130589
06401782
06671236
06668763
06263713
06016310
06805827
06192705
06007682
06237103
06598617
06126956
06694258
06670513
06656770
06438656
06231634
06390466
06794328
06141065
06154339
06978985
06584897
06267755
06842083
06297565
06562126
06146261
06594123
06939475
06348168
06005517
06700325
06601222
06679182
06553981
06211858
06764105
06363560
06564816
06656636
06529309
06404571
06843913
06389103
06040891
06453948
06965314
06673779
06890136
06195571
06524502
06261414
06775240
06229620
06359947
06989084
06194483
06070867
06862287
06889267
06695495
06752416
06132781
06174975
06723853
06451544
06962006
06622038
06517524
06239645
06213842
06972740
06011738
06774443
06798301
06022916
06477111
06612848
06097677
06537737
06192022
06683873
06496574
06909362
06552773
06922491
06217985
06792280
06439003
06882892
06131088
06518706
06591282
06797874
06029030
06869610
06006614
06021858
06577090
06414722
06962017
06080781
06208614
06646871
06308464
06602257
06544358
06961724
06402535
06170302
06569089
06112840
06020009
06662539
06154756
06137218
06205879
06175292
06073767
06530147
06799387
06600487
06980351
06002336
06100247
06166361
06985388
06560688
06198065
06958378
06150054
06677990
06814857
06527793
06530927
06840271
06110610
06234454
06132911
06555281
06383730
06191411
06195324
06090183
06983498
06563614
06672066
06427216
06239509
06822518
06161785
06004909
06181846
06629423
06768807
06511657
06286147
06617728
06235957
06477946
06883695
06339229
06055397
06929775
06240694
06998684
06753789
06976656
06949678
06972278
06820170
06303830
06195384
06061156
06255246
06440960
06704106
06900862
06843320
06000842
06245964
06687999
06704674
06039389
06214480
06995556
06767737
06976500
06932595
06580628
06417921
06127158
06837659
06021205
06643935
06230413
06681594
06136708
06883322
06180628
06441656
06539688
06090247
06424268
06400648
06223835
06612099
06354045
06413367
06488427
06935601
06983910
06120667
06540278
06907004
06542641
06871001
06688008
06902228
06738508
06186903
06518112
06038781
06945519
06107123
06264917
06608097
06282156
06769965
06045801
06111035
06080042
06349209
06650064
06362615
06112875
06404611
06838154
06725059
06908681
06099916
06766449
06721292
06136355
06674248
06124143
06367362
06212209
06765096
06538168
06388184
06168256
06488499
06283073
06344959
06808392
06645798
06495970
06728027
06894458
06351992
06180073
06584230
06714789
06360060
06020793
06594145
06901073
06945450
06549110
06423582
06943750
06310252
06849043
06235246
06665749
06376104
06656645
06290611
06366956
06347668
06937953
06093140
06059323
06927120
06957730
06109601
06757754
06670243
06219177
06081794
06717252
06071078
06522065
06414493
06130761
06708173
06004276
06700418
06344716
06293494
06281230
06471162
06182178
06002948
06297215
06242000
06590569
06953298
06171386
06249975
06252286
06994208
06659726
06661778
06319605
06690830
06972748
06438205
06153100
06154307
06226056
06245563
06248115
06067029
06133176
06383534
06560326
06520536
06655007
06341630
06119731
06234914
06122059
06730362
06127523
06692389
06589188
06330980
06002939
06324494
06519797
06609337
06853149
06008121
06622355
06148300
06407879
06919713
06628144
06082831
06936861
06247069
06416539
06508098
06942225
06732742
06734902
06500585
06122476
06882670
06263793
06715019
06447402
06293747
06647557
06537717
06633267
06324483
06331268
06046176
06169272
06357015
06608861
06248710
06942330
06353426
06913184
06836435
06707364
06306641
06486093
06438857
06522950
06236527
06651794
06074053
06511176
06462371
06812669
06639704
06027830
06080607
06378942
06100481
06767406
06814956
06484654
06257957
06150770
06900729
06685344
06581365
06144858
06440878
06132610
06605958
06382556
06545648
06832569
06012893
06084776
06275486
06887580
06346757
06697818
06405522
06323766
06451254
06881670
06081784
06616160
06341717
06349068
06220398
06571251
06554739
06886847
06334680
06676400
06234022
06934137
06894364
06647548
06079561
06097651
06339708
06592311
06123106
06896006
06023806
06661735
06842538
06723420
06783847
06846166
06925303
06075505
06343554
06878661
06923768
06822878
06106692
06057185
06278258
06142310
06564067
06755412
06903121
06210671
06318127
06560423
06018658
06137128
06774706
06673556
06376608
06239506
06549768
06717517
06709904
06936156
06257238
06203136
06667529
06647419
06756979
06542700
06124221
06700886
06698908
06317992
06378827
06449528
06622875
06664243
06726471
06025963
06462190
06039732
06453924
06294009
06628590
06445397
06994023
06540671
06894991
06308095
06574193
06474447
06749070
06615768
06136162
06857463
06017661
06994441
06097585
06052911
06411440
06117920
06471561
06583759
06395361
06386478
06198617
06809041
06138815
06973328
06911184
06895670
06924374
06758207
06731755
06696138
06922446
06406965
06410136
06873040
06577156
06036505
06822824
06368519
06785077
06424975
06329572
06106653
06704885
06373768
06608560
06198016
06534820
06177543
06926448
06395400
06371980
06242221
06657939
06749559
06686694
06761432
06308940
06696384
06478040
06097993
06255793
06146642
06702148
06227199
06540176
06226829
06474617
06983969
06551867
06663350
06292951
06924015
06936801
06666244
06222650
06130451
06796478
06014856
06350701
06422285
06252556
06506188
06057175
06422164
06266849
06305952
06106405
06189427
06558090
06241362
06013877
06713502
06258911
06275476
06470929
06087816
06164827
06775956
06328952
06944621
06613598
06724353
06569994
06570235
06624602
06177012
06136731
06164586
06369869
06486019
06152267
06689641
06559966
06861390
06461978
06587754
06478544
06934332
06186373
06252157
06859729
06473139
06808246
06281891
06408869
06018159
06331556
06510521
06399651
06279365
06543745
06918270
06831116
06273440
06978110
06504545
06396398
06703618
06638014
06418263
06001932
06724306
06897371
06114230
06262159
06100238
06046124
06571806
06963956
06084240
06903437
06532669
06808871
06830931
06151296
06878679
06193005
06211672
06352057
06807080
06273124
06870314
06235690
06863936
06709151
06678640
06234846
06204013
06576649
06062367
06099366
06019914
06354254
06893485
06051919
06950601
06338465
06155872
06748759
06007647
06165595
06714095
06735775
06121713
06990013
06831346
06852758
06531594
06317718
06547631
06574970
06970867
06599913
06306533
06688041
06967485
06660099
06665695
06051785
06471122
06725556
06212151
06758645
06104976
06481924
06048824
06079138
06142887
06592946
06783427
06763775
06342781
06318687
06866211
06904640
06157216
06355599
06491260
06872747
06434178
06767646
06007214
06065381
06821642
06407014
06778654
06576277
06894066
06451478
06106094
06231910
06999288
06961355
06786534
06652900
06655209
06887634
06664438
06910731
06741471
06064857
06018130
06873752
06213688
06574571
06661670
06387340
06671686
06390834
06896325
06725435
06387880
06572972
06565087
06296003
06907620
06583997
06439964
06759392
06584259
06691092
06497485
06712451
06879417
06026322
06878915
06721145
06159641
06185429
06427236
06103095
06806446
06833744
06952136
06080547
06415970
06006164
06557093
06339278
06583990
06278068
06639785
06952441
06161247
06051753
06244643
06827559
06086456
06671663
06518685
06797443
06949020
06724801
06001140
06873356
06113110
06670294
06175467
06478873
06722149
06552880
06845778
06840259
06310171
06158584
06578594
06559950
06713309
06836342
06572423
06758425
06228392
06470727
06233026
06353800
06966980
06274826
06600857
06163703
06373673
06386483
06709361
06489960
06408884
06897894
06638602
06956554
06654457
06392510
06902485
06961975
06514737
06341622
06040731
06399109
06405380
06712330
06459946
06004837
06191550
06045920
06391922
06688662
06224227
06060770
06567692
06953988
06411952
06629840
06507218
06149647
06569415
06001315
06470441
06777800
06311400
06475347
06977701
06465746
06084427
06666040
06442743
06044091
06088516
06724298
06661432
06804760
06282613
06890102
06564303
06468696
06310845
06354801
06427704
06871323
06309539
06658015
06508704
06591803
06814809
06208381
06212255
06813829
06886274
06477025
06691049
06484863
06556925
06833218
06183192
06111886
06700245
06177896
06496104
06809536
06857471
06122141
06675402
06243930
06460947
06333405
06308097
06039422
06073802
06823255
06306691
06550294
06298640
06654066
06389377
06518152
06759668
06114412
06456691
06590098
06384761
06331238
06877824
06977384
06188626
06500353
06902633
06769729
06660516
06649644
06660490
06625923
06577201
06224328
06225460
06677333
06458952
06342435
06060833
06585903
06915856
06934881
06739882
06434532
06447072
06305464
06809623
06282648
06121329
06104050
06735200
06468326
06069173
06257844
06962219
06156915
06003548
06650474
06365148
06344217
06685908
06313757
06838189
06926562
06106646
06273840
06950890
06181401
06856400
06578162
06076789
06643727
06863020
06898326
06522398
06897587
06504303
06698009
06160084
06338597
06023563
06793541
06238947
06351351
06974412
06161435
06489923
06749089
06090505
06154523
06180504
06040846
06046261
06630302
06188062
06007100
06063628
06412496
06905846
06939490
06951589
06919752
06382920
06329366
06811179
06579455
06487192
06627345
06693370
06539694
06111866
06275499
06877744
06386672
06995995
06673509
06748522
06858635
06259248
06058465
06165235
06111322
06378307
06016701
06339498
06349955
06609045
06892294
06160287
06569179
06500417
06145325
06446692
06912534
06527583
06349761
06731834
06492940
06536602
06908574
06899997
06372018
06171667
06548341
06362533
06400075
06961572
06376125
06759661
06609935
06362711
06437213
06257992
06635006
06252502
06362674
06284225
06312619
06380423
06291437
06371687
06655854
06885907
06205708
06510156
06787161
06641694
06953374
06925164
06268552
06622568
06453577
06466024
06277286
06099024
06021444
06176669
06912237
06196897
06555251
06116397
06881815
06534068
06037009
06777150
06934503
06307261
06133450
06035779
06441119
06879923
06119271
06699277
06817840
06491284
06528113
06487702
06416778
06897475
06309108
06342011
06062356
06889125
06070917
06390497
06280578
06299824
06942103
06897154
06502464
06932193
06440588
06539665
06220985
06863272
06153560
06590251
06481915
06457402
06525723
06552603
06284723
06799746
06581848
06535924
06384913
06371839
06245728
06870564
06726204
06734685
06198966
06795405
06130769
06003553
06894077
06025513
06062436
06387355
06343822
06896103
06712868
06562374
06676503
06755358
06861101
06125201
06746087
06223692
06610606
06804403
06221000
06970691
06954657
06099646
06979087
06847445
06322220
06004977
06810288
06816966
06756634
06308487
06139958
06767934
06404210
06853106
06440728
06450917
06222366
06706622
06827185
06671450
06109192
06595018
06721335
06526161
06426108
06703491
06004363
06367967
06413053
06512841
06989800
06781963
06154413
06404833
06072194
06740105
06426173
06489743
06298310
06916000
06756052
06585323
06958989
06324241
06185765
06740023
06449570
06690333
06262985
06977734
06075228
06924874
06870965
06221495
06533151
06680663
06434318
06011243
06143787
06022720
06792896
06488396
06446871
06217143
06490274
06308654
06262248
06613209
06787742
06633804
06167264
06558899
06945760
06658618
06812290
06619881
06285726
06158442
06396389
06019102
06728405
06286474
06100979
06872091
06983647
06770062
06180309
06320965
06638626
06537934
06097093
06134835
06601826
06483951
06486635
06574097
06379122
06034630
06640892
06278627
06649521
06839281
06810092
06810611
06024202
06870558
06991681
06682535
06376766
06780714
06720737
06066763
06863332
06146639
06300465
06110356
06127601
06403903
06993359
06557682
06017927
06798960
06137592
06474029
06754889
06495080
06625806
06989099
06647494
06161795
06439896
06420572
06980813
06687114
06592355
06421267
06049423
06869697
06165657
06789943
06302878
06390798
06359545
06875057
06158293
06969472
06297304
06658988
06225923
06067824
06563651
06763796
06111612
06582186
06095795
06653155
06062169
06016671
06769319
06047729
06177746
06492782
06590936
06802428
06089157
06995368
06400087
06046337
06736405
06611320
06727135
06877236
06527337
06057643
06349628
06718918
06784922
06281417
06528121
06844004
06842891
06183055
06967048
06350504
06803300
06904906
06332719
06764384
06283489
06311682
06070514
06934129
06914855
06049841
06736364
06036025
06994934
06228906
06991522
06027781
06355169
06658182
06137573
06661483
06728667
06127724
06924807
06338366
06238818
06698795
06583639
06106674
06555223
06936328
06699015
06342773
06601441
06411629
06226734
06465690
06393999
06450770
06279550
06868726
06577439
06029955
06828481
06320062
06783874
06832387
06446644
06246364
06604223
06859811
06452132
06192490
06461658
06063245
06358208
06658136
06999869
06565427
06822412
06714927
06011505
06758977
06170409
06039621
06284325
06257367
06313642
06325242
06958866
06235073
06472980
06748208
06403774
06944010
06474971
06265706
06107740
06735241
06668449
06733060
06054630
06791543
06159649
06337129
06690366
06316053
06321041
06514676
06705659
06261064
06631515
06840105
06476116
06668377
06692161
06476009
06779714
06409796
06073673
06720175
06551157
06331836
06982317
06446751
06054569
06158150
06414541
06393305
06050074
06989003
06234832
06506932
06861840
06948888
06037803
06011796
06864993
06587727
06740497
06691410
06323571
06864350
06191178
06971322
06197114
06613044
06250393
06801211
06791285
06675510
06701743
06048378
06455755
06906557
06760601
06699423
06022647
06757455
06053767
06225571
06933936
06988991
06900623
06927949
06614110
06263294
06689807
06323510
06000688
06666980
06453222
06091841
06795878
06251279
06487203
06690647
06001195
06524612
06816171
06700214
06995916
06225822
06582676
06382899
06444885
06514016
06419218
06736871
06547246
06663778
06223154
06062477
06302092
06982940
06789050
06462186
06760444
06672514
06844064
06738214
06594348
06490020
06811583
06345840
06692386
06855815
06959031
06631087
06491927
06906724
06350627
06984047
06995026
06652881
06751879
06185412
06839273
06234304
06663167
06441847
06691478
06296425
06173808
06303380
06499017
06188318
06894077
06139547
06856360
06137139
06061310
06894201
06529698
06047254
06987196
06338256
06067253
06271703
06003064
06601835
06909615
06876532
06831676
06331002
06667008
06894707
06352074
06944069
06803297
06390111
06178352
06948796
06162391
06689619
06769683
06970294
06849598
06039429
06283654
06978607
06521054
06974023
06489009
06959325
06546851
06706412
06416591
06241114
06285131
06892985
06539966
06714392
06901058
06079633
06097304
06964679
06709108
06400585
06367108
06420512
06226258
06002322
06499953
06047702
06334793
06518182
06856791
06107895
06178677
06185125
06015661
06592289
06389489
06211667
06329230
06902806
06116681
06739643
06469128
06223745
06519863
06393636
06424434
06124333
06882336
06285978
06018835
06570903
06814398
06275683
06096519
06529033
06455463
06332905
06043748
06373517
06842794
06932349
06209230
06191234
06377056
06858987
06057539
06635781
06659561
06961591
06367181
06115031
06861558
06689972
06279807
06366645
06450459
06610092
06430563
06854634
06175640
06458698
06942710
06261382
06225531
06533838
06177804
06911935
06123591
06002276
06955611
06692945
06738635
06416201
06905444
06770028
06600364
06553558
06041755
06659975
06500159
06947173
06400466
06129426
06456759
06488534
06299955
06485622
06030940
06920078
06525340
06829326
06181379
06808045
06805603
06866745
06867996
06643813
06486590
06237805
06937970
06162504
06964586
06264949
06594454
06485335
06924099
06219344
06766494
06334351
06308213
06986804
06495247
06146300
06092408
06943641
06392857
06738475
06069877
06836909
06961535
06790818
06459345
06928213
06267459
06760681
06254460
06825727
06871359
06453551
06429332
06540508
06368105
06906181
06156728
06045298
06787140
06957543
06461063
06618298
06700193
06675633
06820978
06686330
06099560
06825942
06237421
06933735
06812785
06517881
06191222
06430297
06546118
06160343
06729579
06804090
06775081
06825155
06544156
06433654
06715186
06069074
06290507
06440379
06132576
06989157
06852032
06671442
06400753
06725518
06751973
06416800
06316081
06779357
06867819
06555803
06460463
06399944
06430117
06616833
06051547
06357663
06081602
06838681
06059149
06806205
06667431
06019389
06926604
06893642
06016582
06987228
06938847
06453615
06886100
06460123
06805187
06822989
06797428
06529084
06118300
06814003
06783744
06198072
06760952
06565042
06869577
06069628
06918500
06531074
06192101
06026817
06590971
06168522
06903731
06442274
06882195
06297926
06362046
06101551
06271411
06925374
06388474
06673217
06819124
06758551
06070745
06973970
06618615
06483308
06449245
06749173
06443577
06462356
06665106
06567040
06112586
06141863
06767832
06872271
06887677
06428658
06155878
06796409
06655137
06670153
06817487
06539140
06503716
06940157
06540669
06341353
06856698
06625427
06181424
06020591
06086324
06540523
06781487
06964469
06057988
06213008
06714861
06306012
06422176
06327382
06578006
06942085
06855391
06730372
06705322
06682217
06376842
06928000
06590978
06196455
06348886
06558126
06371327
06380486
06923476
06417221
06965643
06953512
06348868
06685892
06550771
06318901
06857256
06306150
06695216
06902661
06969372
06011943
06912922
06732839
06316705
06530849
06971012
06985869
06943672
06595933
06799007
06163563
06582314
06894195
06156646
06062972
06750494
06105151
06497553
06015567
06014661
06855555
06171220
06497384
06221050
06439012
06545629
06556742
06075875
06510570
06940400
06702594
06228714
06393511
06384169
06391426
06271837
06974772
06448681
06021008
06078060
06182400
06261300
06103689
06661460
06939385
06594508
06614768
06322022
06231133
06364916
06394769
06976247
06449431
06306699
06903048
06953678
06060466
06801828
06292077
06558167
06722681
06604038
06359547
06456655
06179776
06111076
06298987
06234843
06773937
06774340
06627506
06005031
06027523
06022542
06263657
06242308
06154600
06991630
06262035
06013055
06160249
06636656
06465510
06605537
06609248
06271769
06185322
06401622
06266877
06010030
06344560
06946122
06058061
06148367
06848231
06561248
06892726
06614844
06800658
06034468
06073914
06927731
06676150
06226957
06356981
06596872
06395052
06970904
06651868
06787647
06147872
06799902
06813519
06762758
06081132
06731618
06269541
06887564
06846679
06719552
06594973
06873870
06636436
06240804
06667275
06769198
06814582
06151344
06252790
06530078
06537667
06540804
06014694
06894463
06507737
06408941
06732020
06947496
06265460
06401855
06095004
06667059
06698003
06172397
06000060
06569579
06021944
06408897
06359199
06235039
06217833
06000191
06150436
06687297
06910154
06963446
06876744
06182838
06798264
06837167
06677120
06421402
06025352
06245846
06323887
06884415
06349931
06056866
06246005
06327726
06436091
06691169
06287107
06888776
06591535
06099343
06433176
06467320
06589169
06023034
06476581
06556412
06243378
06804451
06315190
06536826
06560658
06439201
06509354
06177846
06288838
06378378
06338513
06264873
06331266
06833024
06869204
06608682
06298720
06900598
06844127
06436416
06812658
06450750
06532488
06464353
06303649
06579058
06046677
06021593
06503765
06800971
06189753
06943410
06591746
06772608
06895495
06184200
06355453
06368088
06929217
06749803
06085158
06346656
06013819
06038441
06388942
06852839
06162263
06250854
06574476
06012489
06757977
06193724
06133281
06563726
06872243
06954482
06935396
06080373
06151956
06687281
06480698
06327374
06301682
06971900
06714146
06825364
06043889
06980249
06952527
06997341
06794184
06614232
06402930
06351293
06894181
06003574
06732295
06516819
06030499
06700259
06758693
06829730
06577946
06470172
06166045
06574777
06458317
06106045
06501931
06206226
06034822
06493920
06187066
06881032
06677270
06730859
06467368
06241486
06200613
06767754
06761845
06346880
06763090
06360774
06565470
06147149
06599248
06753783
06270740
06449092
06351366
06155910
06120062
06172189
06447692
06345947
06308637
06321036
06190485
06538610
06016958
06839537
06477228
06928726
06010991
06443170
06911193
06939920
06257953
06479266
06614440
06750798
06352686
06360310
06289332
06037791
06718081
06080114
06622255
06392736
06329538
06601635
06802598
06527255
06880928
06851479
06618302
06003938
06052023
06666814
06938065
06052448
06443572
06163669
06945990
06420086
06053439
06635413
06895961
06652610
06666437
06814720
06991487
06770635
06234296
06481003
06512299
06479900
06268264
06617874
06422982
06178880
06997736
06481578
06263511
06158607
06665736
06498696
06353841
06883974
06587200
06074094
06153298
06848497
06652918
06523979
06036498
06574046
06303493
06754892
06511821
06105159
06451943
06190730
06380629
06969255
06907678
06290041
06367215
06912177
06160142
06318937
06972038
06258457
06668812
06483549
06445715
06595766
06743606
06607727
06631273
06413078
06099771
06388241
06627619
06904519
06254160
06493389
06593142
06384219
06930201
06946920
06451403
06419886
06873175
06148165
06992863
06570136
06387021
06799147
06579802
06365202
06447894
06675900
06244629
06850885
06678857
06322706
06324448
06541094
06682413
06147626
06865364
06236715
06240553
06064076
06874755
06410101
06008498
06654066
06491393
06286096
06081461
06967379
06658939
06166561
06921010
06762303
06750962
06998096
06655143
06959304
06608628
06987927
06680109
06656875
06301744
06384351
06389335
06579301
06611012
06113058
06400264
06774575
06907534
06306838
06829552
06963001
06251434
06537806
06159673
06935189
06453758
06564649
06175237
06823096
06466710
06990524
06413230
06562724
06283875
06049818
06371206
06261340
06397300
06664209
06218614
06817615
06305669
06225857
06200184
06441672
06279487
06773978
06768438
06487190
06463383
06489763
06115572
06966723
06867596
06652761
06102672
06681642
06230638
06394391
06410583
06707206
06472160
06023412
06190936
06719258
06913482
06745663
06551232
06863443
06566695
06382057
06145243
06306264
06814115
06461050
06711598
06464791
06524856
06884148
06296816
06302046
06286748
06069883
06554209
06321042
06771419
06133516
06876099
06497287
06374083
06664767
06973114
06674010
06003517
06884362
06316524
06541445
06691795
06746768
06457474
06415900
06414770
06830021
06330107
06056161
06762901
06977646
06694166
06514167
06086813
06431764
06717088
06264509
06598768
06703944
06604296
06780534
06970242
06840131
06714799
06793413
06225112
06720004
06788351
06160976
06789022
06441280
06879315
06801124
06407131
06626691
06001298
06508868
06851836
06254911
06905726
06253738
06541306
06530566
06254550
06198164
06912889
06212079
06629097
06778240
06112995
06496136
06016581
06919162
06150146
06310590
06209946
06982647
06992105
06185208
06084819
06160278
06165167
06299612
06501010
06132533
06013996
06570365
06008558
06503968
06819633
06142582
06296390
06087107
06556211
06342014
06954430
06061766
06852561
06039369
06873297
06469823
06182200
06624127
06289866
06507378
06639146
06918997
06893090
06845000
06984964
06554818
06680937
06225345
06583331
06170444
06426622
06045286
06617862
06213568
06339188
06301775
06959475
06055726
06113996
06302036
06599364
06039862
06938156
06792198
06687257
06807449
06938134
06548304
06979633
06324887
06299845
06600705
06038483
06767666
06417235
06925222
06713864
06688104
06454380
06332950
06674758
06797355
06919354
06926510
06344129
06242324
06511315
06476251
06662233
06174124
06642071
06052790
06266301
06677183
06952286
06053766
06914534
06324316
06760430
06098606
06904195
06060513
06976835
06223145
06489045
06948544
06925868
06045684
06233031
06318125
06656906
06940455
06687969
06226523
06407993
06009405
06499317
06521710
06734887
06274146
06755376
06304096
06041683
06292051
06050557
06936268
06322118
06240198
06148031
06569166
06122529
06089602
06486393
06102081
06056316
06264434
06235649
06118739
06542606
06914048
06517410
06308738
06426633
06191233
06307079
06247485
06885281
06698255
06584138
06782142
06006011
06579407
06456807
06525751
06826932
06339190
06344372
06331398
06697366
06428909
06697264
06791564
06987962
06376364
06079925
06380525
06440608
06055244
06738837
06704414
06012087
06097440
06914257
06236131
06709541
06345343
06932344
06771249
06106138
06212204
06404444
06577577
06678686
06871500
06209073
06961218
06687535
06857432
06936953
06134340
06429035
06115969
06929263
06737959
06519276
06726901
06815680
06643517
06216832
06977532
06918292
06393949
06776384
06008345
06377248
06543865
06257466
06826398
06363119
06768415
06272057
06681226
06345407
06819024
06492171
06095616
06157877
06306401
06626782
06032559
06328609
06904029
06422672
06717407
06752410
06593274
06889461
06902540
06757644
06896027
06686082
06954728
06080761
06509587
06424977
06260840
06499840
06570911
06481667
06678225
06251581
06645858
06098485
06477207
06872475
06571811
06191778
06989370
06315407
06980980
06526389
06185114
06289911
06198293
06187410
06826030
06363907
06754405
06110995
06317926
06237116
06783799
06424593
06748179
06409952
06662370
06199410
06857805
06630234
06305225
06399587
06309250
06080922
06664372
06436772
06295393
06745389
06408319
06970923
06618889
06738877
06190314
06934177
06247315
06813476
06969067
06900323
06805930
06230907
06819803
06485861
06128760
06551224
06745769
06476196
06607432
06906609
06299619
06377139
06456576
06614675
06713191
06870290
06831735
06719907
06442882
06202312
06289577
06880956
06667174
06643009
06095676
06917007
06969189
06032557
06118912
06382975
06941560
06602557
06295147
06032817
06663603
06057556
06015001
06203284
06683209
06453895
06544750
06121814
06745115
06322201
06130367
06413705
06705968
06732075
06343280
06434720
06911158
06918318
06152306
06645141
06239805
06574739
06580821
06032317
06166518
06383656
06678149
06422885
06775123
06106203
06772996
06832079
06903185
06064131
06001929
06949978
06339600
06290181
06786160
06782826
06601596
06456319
06440319
06573772
06565168
06707161
06776595
06993342
06459294
06288497
06547092
06562881
06563873
06104015
06920482
06643410
06129909
06092567
06712466
06981849
06499781
06541848
06898840
06144148
06045864
06776569
06533453
06610084
06841749
06683624
06170021
06258083
06744890
06384624
06956438
06708850
06941559
06648830
06153296
06751027
06692572
06913739
06721074
06781207
06889071
06774314
06612493
06855744
06498244
06315531
06800379
06977570
06890778
06296965
06509870
06483793
06171192
06506860
06342733
06269708
06224899
06355960
06239772
06758589
06284332
06647071
06778138
06108473
06711437
06547613
06951755
06700944
06992855
06923925
06425408
06811877
06662316
06429322
06880982
06132094
06662659
06537086
06380692
06492881
06126496
06246082
06258032
06542883
06609008
06130938
06940477
06836182
06865616
06505592
06326403
06691727
06481067
06847854
06365484
06160587
06096329
06371351
06325019
06234578
06899097
06332724
06278763
06693929
06017986
06004925
06286394
06413657
06958398
06537365
06243056
06957344
06832883
06666514
06758225
06536405
06550919
06916959
06404816
06526453
06798520
06537420
06243151
06610567
06386771
06989028
06442860
06187560
06900232
06593798
06610985
06848011
06514583
06548356
06528529
06028881
06004725
06015535
06672176
06116850
06087645
06810268
06808990
06928384
06537183
06277264
06758641
06714909
06535857
06241084
06659139
06789756
06696052
06163525
06595000
06166841
06047258
06115375
06275013
06415309
06726006
06950675
06619833
06669148
06049913
06020728
06982577
06397685
06715210
06369633
06397949
06528332
06212631
06419240
06595509
06815438
06878491
06166684
06147769
06776690
06018675
06111408
06748338
06046678
06556064
06705686
06241149
06359247
06386359
06441613
06651829
06877457
06768072
06540807
06785103
06691736
06954643
06357600
06589768
06101266
06903333
06427572
06808660
06656394
06969238
06637510
06483113
06814661
06357733
06956468
06407686
06863839
06397785
06342655
06306184
06629827
06792000
06279617
06955919
06398733
06115973
06612332
06930620
06239948
06346294
06701995
06027011
06259195
06843822
06240470
06513337
06398853
06979925
06768155
06844792
06528552
06288027
06841319
06721498
06011699
06692578
06305796
06627804
06792685
06756214
06603562
06231509
06598283
06716162
06421055
06451927
06017347
06983246
06697644
06193000
06966548
06956093
06156466
06605966
06320441
06260447
06344895
06032808
06692252
06481294
06290659
06349975
06585494
06252582
06170570
06551654
06787720
06948340
06231008
06086727
06468974
06199305
06203205
06291396
06972507
06296875
06170114
06254929
06631521
06582373
06974221
06972403
06748678
06225487
06824207
06990202
06769788
06535495
06208655
06689980
06222418
06226336
06619949
06908084
06405295
06497242
06061809
06166377
06880060
06798995
06557862
06016816
06795054
06249105
06943524
06292859
06422246
06854229
06988415
06338225
06706201
06786329
06831290
06984003
06915980
06182288
06780678
06279333
06697450
06858681
06798794
06907022
06820400
06159685
06266387
06175950
06018653
06918910
06743340
06770767
06099068
06398370
06696234
06463334
06301831
06330316
06179568
06759606
06861887
06234488
06240630
06490088
06246907
06331264
06383475
06501112
06909534
06815359
06104513
06453157
06817902
06936769
06618900
06706390
06055531
06419947
06066729
06178289
06455656
06378357
06693371
06844090
06810029
06594268
06911007
06243776
06894057
06836358
06095792
06168278
06421651
06891357
06570988
06993326
06086395
06474710
06932306
06424334
06316017
06539251
06942203
06851454
06931882
06624178
06885521
06112258
06780594
06820814
06574571
06800581
06726051
06729923
06972759
06014805
06968255
06747523
06145995
06107940
06113505
06683848
06254883
06879539
06289131
06154754
06359502
06129821
06462814
06373989
06013108
06231533
06687185
06789565
06074654
06969757
06775430
06865588
06337498
06536877
06979857
06835365
06567414
06309961
06888257
06659516
06257375
06721445
06313537
06323222
06747523
06165791
06473184
06853193
06388522
06152609
06654250
06316420
06355782
06601792
06879961
06438320
06439302
06379530
06460338
06458573
06706805
06888426
06961099
06589476
06417296
06822610
06981885
06279939
06129237
06088740
06863826
06356269
06939340
06389406
06863725
06219850
06043478
06944999
06487184
06817486
06030457
06989465
06639978
06588699
06530724
06983077
06119822
06194965
06538127
06458630
06071869
06888214
06397091
06732204
06996810
06448157
06125531
06818639
06494046
06830569
06961812
06487382
06873447
06178063
06546639
06490909
06864233
06858140
06493301
06701660
06958650
06512104
06844283
06565517
06807991
06089930
06365024
06222207
06287763
06126426
06957578
06746258
06948088
06826851
06436011
06242367
06730761
06288892
06223418
06302940
06440306
06564491
06209745
06027822
06696881
06457521
06813983
06950115
06702992
06202177
06965328
06241864
06453510
06225814
06826590
06131684
06685915
06055685
06380536
06840527
06211157
06393726
06891994
06699758
06312838
06150364
06568590
06121063
06443196
06381823
06264774
06925587
06819703
06526913
06700889
06247269
06001712
06498439
06813632
06729736
06496175
06482164
06261116
06749493
06826425
06053248
06674729
06923232
06384582
06522792
06477407
06011087
06051030
06863286
06713854
06143319
06353304
06099397
06900507
06747253
06264818
06422702
06680019
06707782
06368798
06664564
06568683
06238929
06858003
06692374
06778688
06918143
06228799
06456365
06491837
06534410
06066213
06720314
06905519
06785269
06595081
06511782
06670421
06850740
06827144
06785316
06090792
06218862
06081485
06969463
06200905
06128675
06464242
06226596
06931629
06191878
06054167
06295450
06239707
06439668
06343096
06974590
06748566
06674765
06669380
06724877
06035111
06560004
06049713
06020260
06803406
06403025
06450848
06625385
06091419
06960801
06448939
06782028
06744521
06174265
06888948
06796020
06738065
06810066
06358191
06362470
06540760
06705699
06604961
06540092
06091495
06090753
06266864
06825326
06342708
06895604
06654261
06270816
06889222
06229163
06844975
06368017
06826935
06943871
06887315
06503241
06530450
06036636
06695701
06539424
06353009
06166960
06794750
06892280
06064737
06166082
06905329
06820639
06168240
06426590
06262082
06443737
06084068
06580470
06250614
06013998
06036130
06309874
06468721
06288269
06157191
06174491
06542959
06786259
06627340
06246771
06492816
06371504
06529874
06358787
06914562
06143207
06522757
06723415
06014194
06688936
06006757
06779720
06997001
06590036
06487475
06139851
06356957
06170002
06195656
06432764
06736541
06068849
06972978
06637359
06143046
06522731
06817023
06919935
06628925
06530955
06804644
06803999
06884982
06114554
06056335
06388922
06031189
06484375
06388949
06160126
06620690
06826890
06705606
06170006
06348486
06685424
06548988
06685287
06822277
06531053
06120719
06478700
06873076
06983190
06695389
06449338
06498602
06430089
06917618
06733725
06307613
06586307
06071795
06623567
06689708
06107984
06630061
06434980
06815816
06526292
06068634
06385991
06352469
06712096
06373261
06712308
06095737
06968178
06621783
06821070
06661061
06694717
06969077
06758103
06156598
06815940
06814525
06180114
06501106
06273037
06257350
06538296
06489295
06016107
06834687
06122678
06566529
06011656
06282369
06633501
06606883
06749056
06221465
06208630
06476350
06229849
06168634
06888068
06711909
06495629
06048404
06592813
06959192
06062718
06453905
06774698
06630594
06984474
06438825
06226904
06685707
06811563
06090633
06352256
06127841
06313507
06534536
06522968
06961076
06193944
06094234
06307233
06956686
06399591
06583344
06873674
06254082
06040250
06577271
06399093
06232855
06533814
06449053
06917254
06221033
06616441
06017868
06652461
06080209
06571304
06609899
06269835
06375490
06198712
06915446
06213946
06330420
06657218
06606191
06805894
06925880
06394468
06377985
06623496
06093813
06917187
06135510
06424915
06509667
06346115
06172099
06868598
06569694
06936312
06125404
06161986
06656573
06308053
06199903
06662930
06960196
06754985
06847420
06703252
06379241
06066772
06978008
06265721
06082939
06637709
06944571
06607136
06112623
06517993
06452306
06587320
06632170
06180997
06336078
06223928
06598291
06095244
06797103
06106083
06197302
06570410
06479771
06802856
06934191
06364142
06033133
06119804
06557864
06548388
06947893
06117500
06536270
06991599
06543416
06773384
06893193
06693425
06180365
06540777
06139395
06770102
06334544
06609531
06959482
06535579
06180029
06768530
06899736
06771429
06139047
06832816
06042273
06169175
06439037
06028085
06135821
06502011
06786784
06186724
06222586
06339164
06682818
06795829
06128144
06679892
06531986
06760213
06056879
06438881
06558951
06523690
06577540
06736867
06429791
06173214
06409188
06261178
06088444
06718472
06833646
06686003
06680395
06025395
06995646
06460393
06494046
06657624
06312793
06176806
06902121
06284700
06646310
06609537
06918152
06081721
06235253
06725473
06432559
06124739
06408784
06779661
06480918
06941085
06863377
06452807
06501636
06765438
06182698
06352904
06422460
06535421
06809916
06914430
06425886
06715877
06461768
06067466
06728440
06481517
06836683
06622519
06879967
06479140
06886562
06537421
06288754
06276439
06955892
06233900
06956775
06361455
06496206
06450987
06450228
06522922
06214051
06715446
06832323
06052782
06650291
06485818
06269969
06665794
06536970
06231558
06924354
06681817
06804367
06281896
06228811
06819887
06050637
06691852
06956439
06036113
06522721
06484379
06604344
06787733
06924563
06075523
06896265
06381639
06887792
06292087
06648184
06045537
06184887
06730577
06473247
06296079
06189600
06797773
06887629
06248616
06079196
06597888
06774754
06602757
06435382
06161162
06477741
06319407
06455678
06132053
06670504
06446349
06940164
06040538
06720991
06771862
06095116
06445765
06739279
06837149
06913770
06745145
06023751
06759458
06213005
06223214
06330039
06391365
06648939
06091053
06724908
06587587
06597435
06117561
06114442
06283356
06816334
06570224
06556421
06768649
06958593
06277495
06273872
06394220
06570445
06389653
06883605
06620086
06288298
06581408
06836980
06097387
06444388
06807451
06249095
06921886
06679411
06269564
06019311
06527281
06891686
06904722
06323509
06009957
06002159
06897991
06597240
06183356
06266357
06647384
06293119
06503097
06620139
06808263
06419409
06891042
06463105
06905680
06633622
06472333
06183832
06822738
06880970
06884569
06747299
06453005
06029134
06517070
06298509
06164146
06079065
06886523
06069252
06236907
06294915
06482998
06410841
06289073
06406308
06757263
06041233
06212136
06489231
06289881
06428124
06286203
06653092
06393091
06573356
06880653
06089445
06264962
06790693
06475174
06237429
06843642
06055893
06939836
06084783
06515037
06564105
06606239
06642606
06007190
06911581
06961227
06164913
06003830
06620248
06706986
06464434
06152945
06650860
06647995
06233561
06245001
06445844
06563250
06956638
06416741
06451475
06566030
06687643
06775330
06180084
06687837
06825911
06036065
06718404
06477665
06910118
06140021
06892410
06746244
06850202
06573569
06542176
06085479
06285483
06274099
06535689
06305804
06619698
06013462
06769485
06306051
06403234
06732945
06401119
06519280
06564535
06454168
06222808
06780184
06714058
06517409
06011451
06133789
06550112
06118895
06521193
06567750
06919858
06641094
06579088
06725016
06745195
06248221
06954604
06653075
06749748
06960868
06943776
06668204
06582995
06317953
06473065
06852264
06034791
06310137
06977227
06892023
06161033
06011746
06202916
06660841
06446004
06013587
06164049
06577036
06286165
06997696
06817632
06297037
06883934
06172010
06395431
06746456
06858817
06382077
06819355
06631759
06564946
06706023
06444700
06218966
06258953
06491493
06713385
06415569
06154036
06898077
06908875
06346238
06692520
06223075
06283881
06013710
06476632
06910840
06920990
06325378
06682999
06614384
06011112
06357658
06330214
06089901
06964679
06897493
06451318
06037999
06115243
06687120
06705798
06977317
06723816
06651035
06344014
06795909
06656021
06391934
06774393
06236903
06095523
06784526
06121552
06693137
06608494
06297902
06344357
06360028
06681779
06951243
06610285
06085466
06754534
06502954
06765728
06744404
06344586
06840776
06416581
06523383
06838560
06331627
06731849
06864628
06508192
06951597
06262121
06668673
06288838
06460849
06073643
06739959
06084721
06672944
06309538
06238197
06008507
06546474
06565463
06782349
06574214
06449832
06331157
06823272
06000908
06691727
06649558
06834043
06402915
06147555
06348466
06567811
06858255
06017866
06942684
06288928
06126283
06031401
06628130
06478968
06438457
06433533
06028102
06994795
06928479
06556360
06164682
06788027
06360058
06931112
06792114
06564497
06335427
06397316
06166515
06407407
06024664
06386693
06424532
06780441
06057908
06490758
06019097
06111835
06010000
06598918
06272634
06284332
06977719
06293912
06144433
06511620
06213873
06000709
06068532
06915678
06587245
06637160
06199280
06905720
06446668
06448776
06916068
06623701
06619134
06019846
06646809
06584319
06136263
06782634
06419798
06508672
06468291
06913214
06946210
06487085
06788571
06626345
06989390
06061768
06447043
06615806
06942203
06402384
06105139
06558047
06941244
06339522
06767514
06366518
06914601
06820660
06754589
06569637
06775702
06238246
06156816
06961185
06475577
06235410
06097662
06271843
06715652
06032297
06039133
06034385
06279119
06092958
06972600
06604785
06172543
06192733
06139586
06679643
06971138
06066908
06078911
06083893
06809408
06716427
06942773
06239848
06204035
06060232
06609473
06357658
06447887
06281611
06247499
06237330
06060166
06537960
06545012
06051804
06403191
06177889
06201670
06263018
06409618
06657210
06771232
06388520
06451312
06200090
06660498
06301831
06495515
06240007
06292174
06837705
06225330
06253468
06190498
06412620
06040927
06568978
06383707
06426526
06541742
06187287
06222529
06239865
06190361
06807667
06665805
06798447
06701857
06705466
06107744
06439803
06722198
06804339
06228467
06027773
06965523
06192265
06003041
06339568
06896303
06401627
06772481
06818666
06472644
06861120
06105353
06262762
06447276
06351233
06366811
06962232
06351538
06462035
06751382
06673809
06954288
06703200
06098666
06472348
06727612
06496038
06113471
06006622
06707625
06662042
06947161
06113894
06713851
06426947
06661329
06502858
06491008
06047035
06815922
06641198
06122160
06044637
06556195
06014227
06437310
06098381
06020350
06272092
06970593
06026279
06784086
06198964
06311669
06789759
06189715
06108766
06528168
06713119
06572212
06229528
06602315
06201128
06131425
06817779
06913671
06624894
06051503
06867988
06981235
06978811
06122894
06103207
06544722
06638170
06571884
06838842
06676438
06193792
06319552
06640910
06123291
06904875
06982980
06806301
06858628
06409587
06030490
06334928
06224820
06269242
06540534
06743871
06348491
06747432
06945059
06775785
06827198
06571901
06835858
06540567
06226913
06788595
06576705
06282366
06653108
06414022
06175687
06747712
06557181
06185252
06241550
06587961
06833252
06982021
06676947
06619557
06786703
06803329
06663427
06567923
06338898
06557337
06946756
06007794
06473533
06821228
06528915
06546498
06316783
06498546
06018230
06132728
06689112
06704901
06398828
06346275
06082226
06235278
06217656
06936634
06393039
06786618
06870466
06456656
06369555
06102177
06904682
06894575
06528018
06865789
06213102
06277852
06661835
06519027
06445256
06440571
06951691
06879014
06645034
06211274
06926385
06614505
06178861
06457391
06082814
06651573
06739192
06447935
06854235
06357674
06218839
06425459
06927853
06404643
06022426
06583780
06970813
06509709
06978875
06041035
06900276
06100277
06592569
06770108
06201415
06067222
06796040
06922291
06930694
06545464
06366568
06183347
06494358
06175902
06840048
06663329
06827858
06248361
06019137
06395419
06920738
06438134
06826661
06705789
06164826
06292993
06774548
06676807
06713662
06382625
06944466
06959661
06113754
06930802
06970826
06007234
06629653
06564277
06408581
06591729
06965415
06296341
06817371
06216361
06116467
06346403
06029457
06784556
06460787
06233474
06530669
06775329
06762739
06694186
06848441
06347640
06326431
06422668
06213677
06009427
06844553
06708279
06592887
06632074
06510775
06752712
06208116
06338039
06370430
06053392
06799788
06597338
06685139
06214856
06723593
06500497
06491107
06517510
06707377
06366927
06924327
06003793
06069941
06888276
06724869
06109278
06310350
06736379
06196811
06504749
06015905
06939068
06935318
06133292
06188504
06572559
06863004
06737583
06611388
06050452
06410432
06711056
06443496
06130956
06638571
06482992
06118666
06572091
06913312
06486401
06337887
06222681
06392830
06989088
06099382
06641252
06191599
06383960
06338398
06687940
06942183
06853299
06096339
06846300
06057803
06836322
06387023
06119389
06140693
06201941
06662867
06046960
06898022
06546575
06769633
06619396
06255189
06425031
06328556
06691306
06328818
06593794
06107749
06086800
06892089
06412598
06235477
06281520
06388158
06816401
06037057
06383052
06528859
06967618
06814970
06537227
06367632
06953784
06659186
06752443
06799606
06905098
06913846
06388464
06531811
06880006
06677150
06976192
06845467
06162471
06875982
06176590
06911998
06367846
06684003
06560151
06665556
06174948
06495159
06419943
06382548
06162182
06176452
06144967
06653190
06172328
06527071
06682914
06907795
06308295
06289283
06846452
06912754
06734768
06969065
06251804
06280807
06102430
06114306
06531817
06812318
06606643
06971340
06259599
06940037
06980506
06093316
06507996
06805713
06031316
06585387
06946403
06163889
06635140
06769038
06128269
06609838
06126288
06687082
06134399
06142813
06605707
06710206
06541687
06663258
06506624
06057828
06268272
06092994
06214183
06507543
06117075
06646910
06168180
06166748
06577067
06092033
06931982
06492758
06052607
06745143
06086903
06848947
06521852
06520958
06484943
06861993
06621960
06573769
06741337
06724007
06798623
06702426
06439712
06864586
06696318
06500056
06778379
06792681
06489301
06518897
06465622
06891092
06440085
06807477
06096576
06149565
06520140
06768839
06051493
06069826
06799137
06401926
06790999
06760080
06806928
06617156
06006190
06169389
06272546
06932495
06361247
06907430
06457862
06845420
06553631
06995892
06276253
06008218
06381260
06075272
06306845
06280210
06142801
06852138
06683906
06214504
06927899
06102420
06916726
06667048
06936442
06692821
06892046
06635505
06618432
06365697
06215485
06513195
06917480
06223620
06893747
06747665
06197090
06687562
06694691
06890735
06172604
06623998
06108762
06455933
06903973
06775937
06393159
06470028
06676140
06563964
06202789
06524078
06754093
06963754
06456091
06731130
06966800
06311666
06426009
06159832
06681647
06284289
06315431
06785725
06561490
06971406
06286337
06274727
06919350
06105581
06045128
06387569
06536367
06908829
06606811
06830093
06613369
06792195
06387663
06230530
06479509
06712900
06576833
06628338
06320087
06948723
06506256
06508830
06729486
06935429
06782655
06776142
06042507
06763811
06142190
06213509
06309014
06804246
06820373
06279958
06159221
06106650
06473481
06196248
06731459
06408997
06272461
06573641
06139912
06010031
06458294
06662784
06218888
06290048
06545208
06233868
06461945
06563577
06087053
06173657
06324787
06040388
06165323
06531394
06251316
06625398
06863273
06806474
06793289
06670848
06620652
06893293
06648260
06231757
06377010
06289815
06834204
06436353
06657311
06841457
06805972
06205367
06714053
06381423
06802371
06376828
06386918
06347311
06805033
06657489
06893234
06053789
06209338
06795119
06030276
06168802
06601590
06269206
06650755
06093164
06508376
06711979
06279563
06251462
06376170
06027744
06277974
06485152
06024117
06207243
06813829
06234627
06552156
06378583
06137362
06998271
06252037
06559641
06612059
06810159
06201002
06169432
06131647
06907136
06297149
06165641
06926092
06484054
06416764
06856250
06904325
06630022
06360175
06349036
06732049
06600855
06417069
06211762
06287664
06044281
06508630
06331166
06431030
06170675
06669395
06451307
06555454
06751117
06273819
06473303
06621158
06872104
06813856
06151439
06696988
06769735
06888442
06865417
06799865
06010497
06733069
06566754
06431305
06365593
06965659
06452119
06158491
06415284
06207993
06178462
06146709
06063513
06218517
06122778
06628557
06661846
06964454
06935659
06878171
06277847
06062827
06165852
06140900
06057645
06288647
06029185
06923424
06115977
06782294
06539680
06793746
06356036
06257571
06470317
06852325
06931887
06031601
06582880
06532862
06380418
06654608
06891882
06096598
06801558
06044024
06583370
06489963
06494526
06116155
06972707
06527226
06717566
06573465
06424904
06609568
06331591
06564716
06415745
06887703
06942666
06096598
06993675
06361528
06289643
06905656
06604243
06538347
06794172
06386826
06266978
06290586
06498625
06524037
06475074
06341143
06492551
06174807
06475101
06068018
06395171
06228042
06720707
06012130
06972368
06839346
06849800
06191991
06874286
06570469
06534671
06623562
06253382
06628369
06892997
06510520
06764163
06949356
06862442
06585151
06101804
06590483
06340161
06186349
06664319
06133205
06395418
06229491
06789500
06911655
06350723
06325897
06442380
06052960
06640268
06369672
06925003
06574324
06960312
06770643
06741303
06104044
06233981
06962173
06105879
06848427
06504475
06172705
06058529
06058159
06199473
06811310
06866506
06456010
06999650
06029051
06363023
06482126
06843268
06707285
06944759
06628339
06626730
06394654
06873572
06141681
06401706
06739514
06972714
06621878
06783690
06612468
06782412
06048920
06843419
06706823
06159336
06656778
06812806
06781552
06620291
06172438
06410205
06217839
06102146
06132449
06794475
06902792
06355039
06529454
06105713
06325953
06730515
06660866
06967849
06957025
06733883
06740326
06668423
06289439
06830733
06707164
06589543
06797808
06801831
06318297
06757579
06315457
06058295
06375849
06196203
06509165
06287067
06466866
06102457
06570008
06211366
06697756
06561373
06032407
06031909
06062021
06525836
06350597
06649687
06026235
06760833
06716020
06228219
06295945
06095764
06808715
06186659
06447692
06043484
06057091
06483023
06250324
06967788
06448468
06278463
06520804
06007579
06901159
06597858
06074223
06482531
06648283
06565282
06393095
06255741
06478987
06245097
06849408
06737778
06748953
06530241
06796434
06881990
06111674
06866734
06010479
06785360
06416273
06238189
06499224
06769514
06302375
06341943
06529804
06845315
06686708
06216136
06635118
06218173
06467584
06777595
06795621
06306818
06920720
06155913
06353152
06069342
06103631
06304932
06971682
06371479
06842456
06239528
06206110
06083587
06628721
06612178
06254024
06630459
06940546
06899936
06691692
06867695
06335355
06211399
06824849
06600543
06911121
06108970
06363858
06565496
06354699
06344343
06925190
06711520
06777413
06800135
06779080
06860955
06860616
06141236
06880829
06977739
06648065
06384155
06572889
06448381
06150896
06622734
06619940
06385141
06261719
06604710
06455947
06881894
06127213
06480915
06987023
06122723
06346652
06173399
06835584
06317044
06265458
06888081
06739061
06789367
06202906
06127342
06134877
06223803
06888541
06502329
06316826
06804517
06034983
06767930
06824216
06939571
06421529
06288092
06788090
06361688
06290719
06101840
06489968
06330640
06601778
06783511
06795970
06376859
06941884
06938814
06090485
06348085
06161069
06725056
06750032
06973395
06482198
06040168
06635526
06595705
06401118
06677248
06313421
06611879
06300118
06032345
06166836
06682961
06303479
06223109
06558059
06274765
06690621
06896166
06641631
06185488
06253025
06694029
06983801
06618744
06820691
06476001
06264460
06180805
06802141
06785346
06443684
06111195
06718803
06049897
06381041
06194931
06700252
06389922
06727592
06469038
06204755
06055599
06402929
06538743
06221301
06814369
06734781
06300286
06000049
06644914
06552972
06028013
06921108
06445805
06987566
06291412
06554746
06539726
06052467
06698395
06708841
06739493
06616241
06156264
06474839
06490373
06770702
06758348
06944997
06673715
06456790
06210805
06271040
06069267
06559152
06574121
06521442
06123173
06569777
06168833
06067344
06639039
06491498
06901110
06314444
06329778
06814956
06334501
06509372
06543831
06060249
06338309
06943944
06325654
06216339
06981470
06091299
06838117
06900516
06788810
06308592
06870796
06859492
06124834
06121503
06887761
06099021
06732617
06470831
06283926
06482089
06713608
06111832
06892216
06198412
06858550
06399993
06031314
06203561
06434639
06462762
06361808
06337401
06150360
06304884
06612467
06328587
06815825
06548262
06022301
06372930
06690424
06354787
06152683
06454994
06474000
06446845
06723178
06836770
06183735
06221171
06617912
06235695
06116413
06284593
06130780
06422173
06941899
06252645
06412433
06239063
06480891
06232408
06276268
06033598
06280659
06315426
06579204
06977568
06653208
06701287
06694783
06068601
06548612
06405316
06791503
06150086
06167293
06438032
06420906
06581512
06379601
06194044
06654802
06858890
06735012
06704416
06296673
06622822
06447116
06365479
06642170
06972814
06546281
06421690
06415617
06671294
06392486
06224183
06897434
06785510
06231367
06669374
06031911
06551140
06194780
06184914
06952647
06979935
06110074
06973699
06294018
06119757
06326040
06090017
06209236
06768893
06922451
06420322
06294512
06034203
06491592
06640818
06036589
06555334
06643161
06850105
06418036
06819064
06757923
06644197
06854296
06802588
06673275
06999897
06504278
06414229
06241658
06792705
06492157
06746573
06089926
06255033
06662419
06598034
06727656
06996940
06403120
06819624
06208768
06805465
06867984
06912636
06566020
06673474
06728042
06669877
06335034
06009556
06175095
06611929
06413046
06817480
06145152
06254808
06396652
06669543
06518790
06310346
06922867
06630173
06411909
06598907
06685108
06329289
06329308
06173276
06925620
06395148
06935654
06423158
06274746
06154332
06517135
06766539
06073425
06198312
06665522
06366556
06464176
06325842
06714604
06794711
06943724
06359828
06071685
06571708
06426288
06311874
06046988
06414503
06060353
06123464
06406461
06298642
06339407
06904862
06772344
06121705
06767902
06922700
06966037
06660429
06281963
06564632
06890008
06906306
06016145
06853339
06223088
06883264
06106640
06645918
06706788
06268359
06665640
06965173
06605319
06549582
06199942
06054296
06178495
06466651
06722902
06570780
06386169
06625984
06518813
06910357
06457942
06269979
06912971
06385305
06917759
06118826
06171166
06364873
06990083
06830279
06794479
06604903
06572024
06279817
06052120
06834897
06787740
06913317
06005000
06276933
06657405
06229508
06642264
06023131
06105381
06238079
06647993
06407848
06445900
06615121
06244115
06059023
06003139
06977491
06975256
06747369
06190833
06350192
06836531
06363254
06925217
06519270
06292472
06252761
06452208
06149975
06172995
06661332
06799985
06603848
06064415
06578718
06344651
06829473
06670296
06755121
06382580
06812961
06288938
06767297
06866748
06823242
06244262
06962419
06178536
06845898
06525386
06507102
06201494
06696530
06748090
06620003
06978142
06342738
06825517
06314609
06449297
06168386
06907288
06547837
06218042
06431112
06519551
06863310
06962859
06232232
06141189
06682193
06716699
06743459
06015051
06764311
06580124
06898566
06656947
06120074
06007275
06432035
06652559
06540626
06021499
06882893
06581664
06593610
06084068
06824530
06888219
06853496
06959398
06512439
06878159
06518767
06835718
06450141
06877795
06262180
06617799
06618890
06036085
06932173
06900776
06831146
06204531
06989302
06562439
06131494
06616153
06393571
06222024
06919073
06823553
06631015
06495732
06500404
06722567
06322728
06204146
06848657
06936935
06332145
06923184
06657294
06166528
06498201
06407030
06292473
06549409
06986193
06439998
06143360
06583213
06561679
06443162
06457802
06741745
06549030
06385779
06008415
06275569
06118951
06353092
06241220
06501673
06031308
06186967
06101431
06242421
06373427
06917620
06989030
06242872
06481304
06242518
06313904
06274930
06085738
06873787
06628172
06281765
06273230
06507819
06963400
06790993
06866097
06367286
06471628
06175793
06812637
06018047
06580683
06958731
06631641
06514141
06250576
06651668
06698991
06856557
06634083
06139265
06739955
06191804
06426680
06924658
06203601
06579727
06069006
06901975
06718773
06339195
06058316
06425145
06565839
06038615
06027095
06036697
06240062
06431424
06742636
06069378
06380871
06018185
06440623
06324788
06242365
06383717
06788249
06715899
06715674
06498457
06654595
06341117
06396858
06813209
06796687
06602336
06598886
06033631
06305127
06827403
06212885
06995768
06234545
06697749
06286921
06238243
06754291
06931106
06396927
06124615
06533927
06861491
06081720
06154831
06966848
06045506
06071521
06538543
06908735
06378954
06780074
06076250
06555085
06306716
06662284
06323395
06436376
06514546
06104934
06018517
06313791
06892182
06132559
06338201
06407789
06956143
06025919
06311966
06666210
06491332
06208163
06099409
06040277
06362736
06782067
06701523
06578314
06350161
06827248
06886633
06847371
06348125
06143905
06340685
06724815
06409454
06585969
06855538
06949197
06984985
06492333
06622992
06051417
06544579
06149193
06861288
06988251
06221300
06827547
06420554
06146702
06309597
06799392
06825563
06972578
06528480
06569934
06119580
06034586
06327804
06960267
06942265
06250753
06205400
06618763
06671847
06448781
06978719
06211447
06595522
06266497
06859911
06661341
06629216
06894974
06181535
06385466
06290648
06492914
06809948
06142914
06473923
06153282
06395674
06324399
06460305
06841134
06391607
06609057
06836837
06976869
06609518
06182912
06344388
06889464
06604840
06764233
06052667
06226933
06177941
06660583
06743472
06172575
06665470
06560518
06483807
06066048
06799941
06716147
06758742
06694992
06121243
06943548
06156557
06138448
06968155
06116943
06334333
06514135
06607996
06420663
06794854
06336366
06654370
06387873
06308436
06498984
06440615
06364157
06355126
06246281
06580891
06442205
06999423
06702441
06543283
06487046
06440295
06073925
06036155
06063149
06420134
06150997
06627152
06241464
06199869
06198244
06997168
06826594
06738884
06522170
06048160
06087177
06614007
06969495
06625322
06039379
06876721
06933395
06296862
06041111
06436890
06215651
06900714
06140163
06516535
06384579
06791010
06556939
06862867
06139329
06305420
06975597
06620792
06848774
06154912
06622778
06550652
06958879
06094944
06276529
06367076
06108158
06919323
06589387
06291980
06982883
06134213
06823511
06135532
06689947
06575684
06587997
06575409
06605307
06623115
06926858
06727844
06849809
06013204
06021968
06925502
06096683
06903746
06942775
06280210
06452245
06948586
06457910
06311411
06031204
06994796
06011511
06481542
06520811
06723523
06126939
06510223
06007861
06979784
06835418
06449688
06478392
06682868
06797111
06540528
06517445
06091759
06103633
06166230
06831042
06819880
06934234
06953947
06540237
06857499
06915118
06805197
06352489
06275973
06648132
06144430
06574828
06402582
06483667
06313928
06557882
06400333
06921666
06139265
06618887
06272193
06580684
06998505
06566646
06436494
06672444
06123623
06791379
06609268
06917488
06684871
06548292
06902161
06379685
06007704
06440965
06411413
06624986
06015994
06472206
06474027
06483622
06238020
06497052
06753594
06918456
06910804
06621866
06001952
06767753
06332651
06282722
06483739
06003135
06969467
06700920
06622043
06843272
06416396
06970303
06564963
06851600
06523995
06599091
06702302
06385815
06925055
06289365
06847405
06969332
06222315
06839100
06218239
06344521
06800289
06927813
06857302
06286350
06793034
06828801
06138001
06915905
06081351
06812075
06588039
06615252
06721835
06655692
06421531
06074743
06581521
06089893
06614882
06089634
06129727
06790797
06928671
06776106
06914807
06012849
06248463
06478569
06782555
06359473
06081322
06981862
06946705
06900774
06730009
06599129
06548341
06209053
06097337
06718105
06590691
06404138
06212340
06349849
06730268
06785200
06294268
06512721
06193457
06804237
06356571
06228609
06556192
06727087
06012357
06111196
06300453
06012252
06966636
06274857
06541843
06051309
06126249
06287066
06064504
06109436
06712991
06867287
06559626
06282547
06236941
06662380
06994987
06252446
06451847
06264709
06959812
06884737
06664402
06720395
06191382
06833025
06634619
06494718
06692424
06881287
06867691
06100857
06754440
06054333
06181709
06680686
06757991
06418766
06666636
06461858
06145134
06834015
06726172
06339280
06720679
06877800
06118418
06551488
06751395
06261476
06947155
06092232
06349595
06213728
06540984
06015709
06953412
06634265
06904141
06724066
06529932
06077415
06034743
06707227
06953846
06481847
06208390
06149938
06655818
06339379
06547389
06505717
06998847
06251840
06368860
06061254
06505128
06197232
06763361
06437291
06786436
06440988
06353323
06925228
06349550
06710210
06305566
06092954
06421889
06400674
06672625
06518688
06383603
06196247
06649728
06772813
06541208
06518583
06753459
06930056
06317966
06318258
06685373
06352810
06654956
06140986
06204470
06466109
06953069
06543225
06052817
06615570
06916036
06384159
06512130
06892090
06401824
06253034
06773504
06738678
06954009
06297260
06973503
06669988
06498891
06027903
06075956
06342042
06261907
06720763
06556816
06769135
06416959
06119526
06109484
06402900
06364833
06973762
06240815
06184879
06822991
06687893
06349555
06509077
06615296
06102445
06200540
06421306
06065119
06677788
06794785
06261351
06793967
06427233
06469129
06914636
06798875
06324760
06015774
06334682
06353157
06122010
06029059
06591717
06925745
06343434
06691830
06889063
06235013
06090579
06286493
06760246
06852133
06985194
06470698
06607009
06267344
06767657
06375910
06552058
06652787
06539607
06738943
06859036
06296304
06071311
06290766
06917875
06418267
06912634
06799334
06187472
06434404
06170073
06593633
06737027
06032514
06781775
06490536
06606146
06112816
06784505
06248245
06668999
06329081
06588830
06166754
06443154
06708572
06169198
06377548
06718308
06247737
06808355
06541504
06058894
06816916
06941054
06440457
06333518
06878078
06005574
06963634
06355500
06033465
06372909
06498662
06788601
06032068
06776337
06698003
06537033
06525388
06045266
06253831
06425195
06565193
06297463
06669394
06322605
06074830
06227823
06550228
06804401
06293088
06075504
06464776
06760723
06710645
06410053
06052441
06414311
06049376
06166370
06763085
06105073
06494771
06848330
06498901
06299359
06859353
06870995
06327361
06826139
06139770
06512653
06865423
06130192
06317914
06002350
06020900
06759594
06733889
06738162
06036010
06969639
06879402
06704277
06355485
06599544
06861006
06929328
06151916
06513947
06831158
06992459
06424879
06383572
06852432
06224883
06959776
06090957
06200555
06297696
06121958
06678149
06952633
06734043
06297361
06319064
06658402
06669562
06749287
06929621
06723383
06710638
06657557
06604169
06746293
06525118
06319301
06273853
06426548
06773848
06155898
06770293
06420381
06007260
06872670
06881833
06648440
06728189
06042161
06226086
06678603
06291438
06782722
06005969
06538775
06998850
06995628
06972661
06444479
06920127
06107632
06759943
06609327
06132134
06896999
06002186
06201758
06254859
06565471
06920514
06591009
06650218
06126040
06537802
06906453
06079132
06234817
06862659
06986729
06821971
06806608
06988105
06569353
06404155
06718716
06952489
06762659
06745341
06247940
06283740
06091308
06050590
06599731
06250750
06567579
06768815
06404945
06175958
06891044
06209569
06358391
06247344
06992822
06243201
06097818
06553066
06681860
06120172
06360175
06419277
06131405
06570000
06642094
06851191
06548576
06003462
06615658
06748338
06195773
06366819
06889329
06039728
06558005
06996625
06104988
06919690
06141263
06429407
06245149
06201418
06191004
06492239
06851975
06166552
06035939
06249776
06771284
06122001
06463903
06090215
06520436
06833294
06034836
06848702
06724486
06489295
06504561
06758398
06085519
06444606
06046344
06715316
06392380
06262058
06613159
06277897
06139452
06642016
06012355
06668436
06471859
06786950
06930881
06346444
06826949
06192740
06303989
06252486
06429775
06303755
06335111
06473734
06523485
06444999
06165816
06071537
06591341
06606505
06469007
06388776
06123316
06917503
06841523
06783235
06867560
06298268
06974977
06621970
06718956
06285598
06862806
06950674
06871264
06972419
06159204
06748469
06941155
06574566
06390728
06640416
06592341
06619295
06450273
06739111
06862158
06739177
06556817
06094998
06536774
06582733
06892632
06382749
06175637
06037790
06604095
06263769
06300279
06541954
06961518
06258769
06686093
06476890
06135342
06922140
06684818
06802787
06185475
06400671
06501588
06685825
06950343
06838013
06492433
06872208
06287775
06911776
06392339
06155014
06025384
06562113
06881822
06370698
06189092
06717932
06858448
06293804
06901007
06038918
06638912
06946821
06507840
06178478
06203684
06219456
06289427
06405231
06025070
06007165
06177164
06132650
06363282
06558328
06694863
06182468
06217302
06338434
06335932
06945728
06502545
06076593
06560980
06909601
06022486
06692300
06707954
06641466
06412836
06572204
06574454
06812299
06042717
06815539
06933975
06494949
06484766
06639429
06360556
06338447
06311260
06909413
06232966
06373543
06819549
06056352
06807697
06353063
06461809
06319115
06951502
06999915
06093979
06591609
06858768
06644925
06170526
06289139
06726966
06741121
06508359
06355366
06749200
06471619
06094327
06162143
06861219
06620959
06185306
06821856
06345357
06504156
06059554
06695741
06707411
06836200
06585724
06717859
06600772
06354105
06452212
06372526
06507249
06355850
06777849
06308894
06675888
06689089
06955532
06739608
06244574
06068010
06309562
06418628
06935546
06064878
06836693
06213584
06496250
06018881
06979440
06556374
06857529
06187396
06375093
06588680
06130956
06018388
06712672
06019103
06440834
06764815
06742897
06286890
06149018
06145667
06451918
06121316
06314459
06895966
06444903
06937221
06080932
06800174
06541115
06586583
06724559
06799177
06184062
06686559
06261150
06202598
06923072
06324617
06719312
06940977
06143772
06976536
06122592
06796736
06311904
06493021
06863306
06286198
06576985
06750050
06854078
06394147
06068060
06820835
06466361
06217020
06849861
06323517
06986511
06004400
06606284
06645329
06954264
06554822
06264824
06005414
06924780
06717361
06351749
06653955
06951537
06112282
06210293
06813846
06424171
06001819
06386969
06429914
06073421
06166023
06538199
06428225
06828840
06037052
06981268
06188528
06785610
06683223
06315195
06843750
06949298
06939327
06143009
06953348
06141620
06339171
06260504
06929573
06477397
06101280
06804398
06128316
06818007
06244717
06237132
06420573
06028968
06370855
06556617
06749359
06682968
06835103
06268802
06537814
06380525
06605078
06242659
06197258
06000301
06576920
06059360
06146859
06365115
06509140
06700260
06864802
06886418
06125957
06052617
06237557
06094682
06442492
06152170
06494119
06922970
06488571
06790983
06035625
06066133
06135669
06487329
06335853
06793273
06395138
06425054
06527647
06562391
06073241
06109156
06028488
06181521
06112435
06796193
06534776
06162275
06490798
06911745
06958057
06441175
06025137
06295863
06145052
06812642
06908209
06381671
06851178
06171760
06802549
06723589
06614675
06767863
06717832
06655674
06187794
06841772
06406104
06999209
06274456
06536624
06830076
06369858
06569459
06028255
06585314
06489866
06189810
06392031
06227460
06394642
06352187
06274857
06602902
06274928
06803040
06982185
06326637
06108973
06448714
06543797
06827820
06813162
06016424
06036802
06200305
06848055
06552987
06058841
06914859
06549217
06082565
06055543
06126569
06369949
06988676
06278291
06754077
06174868
06766619
06321862
06347082
06889259
06397776
06446452
06081655
06181450
06950237
06066841
06598867
06866678
06441961
06332133
06681867
06759284
06163744
06087037
06313591
06233689
06707495
06328370
06567704
06245262
06981352
06614007
06310715
06883051
06809946
06931164
06492756
06810814
06345721
06752548
06300537
06091167
06697949
06095175
06668684
06067304
06989320
06818614
06430924
06547015
06262795
06526576
06897312
06032625
06435138
06424756
06978593
06980187
06640680
06105989
06271326
06526569
06386934
06444226
06166538
06787341
06654387
06101777
06046792
06001537
06249646
06770045
06752699
06619088
06401069
06272940
06118638
06793691
06249234
06873925
06148329
06024118
06152733
06365198
06069734
06858830
06098187
06307074
06201083
06980283
06941862
06045351
06507751
06267715
06044404
06840997
06556845
06584076
06741757
06686269
06700452
06334244
06464042
06110867
06941402
06730399
06367231
06003478
06655509
06401925
06259034
06107149
06597893
06290795
06019428
06195163
06487070
06076319
06371009
06768540
06330886
06100410
06708876
06043086
06750070
06823909
06322443
06058715
06361122
06199943
06918085
06394245
06375727
06945036
06704327
06749057
06695081
06250500
06662260
06143146
06137851
06170683
06657545
06236882
06472574
06549162
06978804
06780264
06978444
06833150
06053854
06539917
06256832
06025304
06044270
06469617
06640241
06850843
06044638
06251682
06473349
06700892
06844337
06925328
06941639
06659534
06926840
06354696
06957209
06773401
06290095
06179824
06482663
06070383
06782547
06386641
06598638
06514666
06254968
06400638
06515064
06965009
06786871
06785372
06084620
06289998
06668187
06184400
06190062
06444358
06921698
06874910
06950344
06130176
06861412
06241816
06511380
06652966
06879222
06826891
06693463
06620482
06300116
06885095
06130295
06316395
06364761
06231187
06917369
06638102
06134309
06971409
06982001
06064033
06289789
06071803
06920178
06684567
06364561
06011029
06447739
06741991
06068538
06317643
06314953
06662887
06253237
06561407
06848291
06547665
06987303
06284813
06809040
06834432
06895829
06707929
06627964
06181892
06741524
06153092
06364546
06134190
06443104
06406182
06048954
06239593
06708138
06571662
06518912
06673652
06239558
06514802
06289060
06967908
06717708
06398708
06473120
06441540
06043712
06907362
06936936
06230239
06460393
06521464
06116576
06193685
06894606
06750146
06587014
06897142
06232011
06594525
06476975
06604783
06735865
06694559
06463505
06583947
06708776
06689422
06195593
06049841
06849106
06568886
06683650
06619789
06336148
06434454
06352463
06579969
06818836
06715978
06198007
06045461
06695870
06301978
06008322
06088500
06995969
06967375
06750265
06222172
06411649
06073664
06574161
06005575
06336662
06781005
06445103
06536157
06930398
06662038
06893384
06640004
06088341
06410660
06057266
06635106
06659271
06812935
06899460
06009925
06728356
06493490
06110904
06027125
06323738
06443143
06059013
06051466
06839689
06923381
06946859
06494087
06317071
06818706
06963128
06845163
06428162
06217927
06692807
06040220
06280006
06290167
06650488
06953717
06804239
06183809
06509339
06708411
06393876
06531786
06727381
06792769
06084573
06690367
06135246
06202353
06515478
06831501
06329241
06772146
06931283
06516143
06009903
06702645
06648249
06313729
06372639
06479256
06825649
06445019
06269959
06116024
06102103
06927616
06048008
06781194
06035470
06762586
06419098
06073700
06185061
06820630
06448243
06542194
06023164
06204387
06292929
06649646
06491764
06129254
06330854
06825967
06519943
06104824
06168940
06664576
06904065
06066494
06528535
06917991
06565508
06352301
06641405
06815436
06086896
06954007
06346798
06822357
06868714
06947224
06520595
06193078
06520371
06781508
06411278
06011211
06725386
06160499
06886766
06190062
06115955
06261979
06737085
06379745
06284873
06155093
06822654
06179116
06687325
06307136
06566473
06516316
06027471
06107437
06581153
06474399
06246424
06294007
06675928
06292984
06231358
06997184
06755767
06318938
06381314
06742745
06531549
06405311
06006538
06968937
06019200
06446641
06625093
06328904
06036268
06135264
06067895
06823797
06792213
06030076
06504468
06456518
06090694
06521583
06675709
06907079
06915204
06496875
06650632
06850027
06149601
06397821
06232992
06831968
06147915
06291478
06450503
06332619
06575842
06385629
06520663
06534189
06139701
06026789
06891725
06624016
06827025
06021290
06221172
06204836
06279044
06993616
06901881
06544695
06536892
06350551
06902729
06266389
06886163
06547492
06652358
06539469
06693586
06347876
06233204
06923834
06656677
06049496
06704145
06793173
06827703
06048911
06065483
06072882
06665205
06490983
06643458
06232412
06586937
06575526
06405531
06395721
06677832
06097040
06281789
06228635
06938266
06413446
06157953
06040820
06289344
06558435
06319449
06874490
06343076
06657715
06167092
06974733
06115835
06008739
06157113
06209754
06528710
06170191
06476657
06987376
06881606
06130984
06340683
06305773
06974257
06753832
06958124
06099895
06491345
06076637
06026110
06312168
06490063
06979386
06214834
06161950
06117445
06986193
06291563
06016710
06284178
06859852
06829149
06812190
06292493
06339702
06857812
06717090
06298890
06640439
06549860
06429397
06874061
06579253
06505514
06452709
06142001
06100792
06453465
06729446
06911234
06383459
06699919
06993804
06449084
06690588
06984681
06601692
06865260
06565871
06475625
06649441
06438070
06636502
06701028
06145372
06432465
06310448
06857460
06800513
06487483
06695882
06276596
06103245
06354364
06897750
06686990
06356367
06232524
06430768
06487098
06678660
06996971
06169262
06482384
06855171
06514365
06164185
06526296
06690864
06306517
06737138
06534805
06926342
06568931
06489855
06523383
06236612
06034244
06969506
06576058
06918022
06375792
06391980
06184389
06567957
06358676
06619354
06772621
06555556
06233117
06858189
06586358
06969851
06574417
06367217
06915196
06471053
06465747
06116685
06823788
06677661
06145689
06106164
06390435
06707180
06853746
06295384
06428668
06457674
06694044
06454855
06929040
06624881
06822341
06024011
06741916
06631651
06385395
06294864
06327564
06516500
06694955
06702056
06839204
06215918
06544174
06372258
06985154
06011224
06398548
06981597
06153773
06645371
06278573
06379036
06069976
06942855
06436152
06815686
06451292
06275897
06186107
06889252
06047010
06035000
06919319
06403598
06086084
06470545
06480870
06413413
06379330
06156764
06543690
06102344
06209263
06296299
06394619
06359254
06516781
06975782
06826331
06391713
06098449
06454795
06040830
06175456
06374174
06751753
06586507
06621909
06885360
06662414
06342646
06365932
06315013
06687297
06507434
06601358
06666864
06881759
06380759
06050671
06539636
06975531
06807278
06670977
06929445
06478947
06467719
06576306
06116431
06547784
06325245
06696503
06106725
06735996
06121863
06512944
06759100
06528652
06256866
06830738
06478495
06320568
06453513
06824141
06494164
06635553
06795800
06928106
06106186
06453270
06806354
06525898
06389128
06671846
06769980
06382787
06973344
06015019
06151244
06532568
06418245
06043656
06359678
06806551
06073105
06424411
06690093
06423730
06064598
06477156
06303610
06706717
06825770
06342396
06870814
06276598
06324264
06061935
06430079
06800703
06423946
06891965
06452867
06913263
06804979
06767157
06571715
06885649
06542876
06794214
06493148
06609597
06975656
06757226
06252454
06223350
06665853
06475401
06231906
06710881
06973229
06899704
06728785
06734786
06381385
06832986
06455974
06922559
06355869
06632662
06439566
06610869
06283420
06942623
06779157
06335451
06174994
06871273
06341127
06178023
06513692
06560535
06795639
06625764
06400727
06525550
06617572
06316624
06394546
06120136
06648862
06263591
06610484
06172008
06218019
06877220
06867187
06575495
06869473
06409661
06664097
06257815
06957474
06051993
06702509
06199061
06022773
06947813
06076988
06953697
06631194
06172392
06421020
06588843
06836615
06980592
06618651
06000719
06558066
06655056
06614248
06717492
06370426
06880671
06556791
06983072
06849341
06844165
06055396
06113222
06951801
06575811
06267481
06593759
06673483
06981667
06521425
06740143
06447175
06716040
06655118
06673215
06882416
06223366
06087278
06375940
06206324
06851495
06644247
06242461
06908958
06276262
06245677
06397151
06400674
06535127
06045767
06981031
06307014
06494007
06914236
06192162
06370430
06891371
06278002
06176664
06455808
06219894
06133045
06755630
06483682
06011543
06980089
06692682
06063647
06993788
06247402
06974179
06375347
06168567
06249260
06672450
06655995
06318419
06215480
06356597
06641594
06724010
06790043
06568120
06174745
06867201
06037519
06986272
06586524
06573608
06824199
06945693
06127960
06217476
06584053
06491702
06288559
06821057
06442377
06628324
06994268
06834791
06667216
06653502
06802773
06397328
06810290
06495612
06696422
06563838
06530396
06481371
06340246
06068677
06676150
06430048
06673027
06168716
06838309
06570335
06659146
06574533
06039963
06948202
06812670
06520740
06259558
06803028
06418186
06523987
06553678
06190793
06726975
06158721
06608894
06033600
06727510
06617460
06541890
06115140
06839913
06268026
06265476
06052632
06898570
06025253
06090711
06198588
06792633
06799184
06550513
06636814
06688847
06149372
06149785
06334118
06103861
06119929
06095784
06409249
06111342
06917739
06587496
06439319
06745115
06135820
06478229
06281790
06785766
06732740
06762187
06207943
06891461
06085397
06165882
06475711
06527197
06059710
06424728
06061524
06627204
06828846
06639972
06602925
06601209
06887651
06031251
06573803
06214672
06062217
06385141
06336609
06352226
06210769
06368431
06940242
06457403
06691794
06193730
06330232
06792499
06857241
06779517
06208138
06535610
06058228
06507872
06734766
06894187
06948339
06176368
06153905
06364306
06592871
06169985
06581336
06810325
06339931
06992720
06920715
06314188
06474886
06812385
06412359
06554547
06727567
06225416
06219884
06178356
06203661
06018210
06419350
06845830
06792039
06980797
06709286
06289026
06828771
06831287
06471044
06823126
06286097
06736513
06331441
06652731
06801989
06056532
06830529
06267245
06022071
06941790
06052994
06233038
06818201
06926410
06387898
06087195
06680898
06385626
06781404
06165672
06064418
06006814
06218777
06087041
06747569
06927641
06092262
06991655
06301767
06904138
06773504
06999192
06353411
06601166
06837001
06278595
06759574
06941628
06008997
06657654
06204335
06882124
06660356
06229565
06745310
06992410
06509367
06062993
06890386
06114254
06729886
06716554
06498755
06171478
06095518
06859551
06121609
06674373
06803877
06759021
06110922
06956205
06303580
06069527
06970914
06861013
06922894
06333929
06938074
06429005
06225077
06282259
06707648
06634305
06995888
06497455
06538702
06717280
06373739
06743246
06367391
06628787
06582983
06056108
06550876
06384998
06838382
06557347
06277251
06597459
06961130
06548489
06977991
06574636
06086102
06922696
06573895
06712310
06071574
06900260
06008190
06133214
06970924
06245632
06147934
06234808
06330704
06105696
06021383
06099894
06671500
06001970
06200008
06440963
06897918
06881106
06541255
06951990
06805661
06526323
06057874
06961999
06710002
06555221
06619296
06031876
06658317
06326278
06014743
06796157
06605047
06275243
06375045
06760533
06592426
06305856
06489156
06471254
06022601
06188228
06497326
06756246
06891042
06405483
06002202
06210337
06553458
06735550
06811396
06943197
06871677
06769770
06709311
06352095
06432272
06226355
06765799
06422906
06199896
06404763
06802862
06899124
06924105
06408245
06454317
06992395
06571353
06528905
06503883
06169749
06081209
06212960
06839703
06938259
06479976
06526973
06641372
06553229
06036961
06546835
06199917
06680240
06526457
06481700
06535769
06066339
06217903
06553896
06161311
06195402
06577826
06123740
06873335
06792629
06042568
06896636
06453377
06702253
06986137
06187510
06961886
06641664
06319367
06752534
06031705
06895121
06306864
06758187
06755641
06117518
06275173
06609371
06939402
06008034
06948793
06253571
06369801
06398650
06311204
06326579
06757051
06439998
06027264
06420202
06325213
06532269
06288990
06361967
06213935
06046488
06869622
06658146
06539594
06643114
06536023
06005532
06226023
06624731
06151183
06481731
06253272
06834009
06865384
06059969
06268290
06673643
06779633
06040664
06059088
06666411
06725705
06066086
06437506
06675070
06913906
06176162
06960302
06116913
06759608
06240050
06927510
06688584
06005293
06884744
06246278
06721037
06970393
06575322
06305066
06207665
06369562
06146607
06934457
06731496
06379270
06265189
06841055
06008466
06847062
06663430
06735219
06053716
06664836
06462072
06326513
06192242
06961778
06035040
06445673
06682865
06542459
06899097
06491561
06856557
06641973
06435528
06684961
06104559
06610926
06587269
06355384
06767069
06677478
06024166
06076582
06609289
06690260
06024225
06087710
06722245
06152294
06327701
06640567
06505041
06647133
06727255
06441862
06116415
06875996
06327847
06386836
06967358
06402979
06201147
06946896
06795061
06994196
06757333
06512253
06867493
06394032
06648329
06343749
06219769
06950204
06150768
06783706
06090819
06180638
06030289
06055618
06992668
06212855
06096440
06583551
06105212
06037781
06794301
06211064
06709550
06425507
06974874
06565050
06002635
06756020
06006956
06915579
06119049
06176813
06467791
06362594
06505226
06411056
06311433
06895703
06903543
06908324
06328369
06311926
06830835
06239316
06956807
06834437
06938809
06602316
06872625
06939485
06075022
06147255
06849961
06826564
06723652
06394535
06120885
06805378
06281137
06336634
06772586
06416203
06609248
06066801
06013479
06969335
06701712
06549131
06695454
06282013
06553042
06240449
06757746
06125101
06942385
06818707
06515122
06057561
06732667
06329485
06421914
06496210
06053281
06365782
06881335
06065317
06521238
06929920
06704492
06263306
06358380
06420727
06621195
06149307
06954192
06594297
06428278
06389941
06705924
06803547
06685460
06405257
06584108
06043727
06066682
06456925
06258703
06153158
06154239
06694532
06455781
06162504
06422217
06074331
06088137
06286433
06172140
06810875
06624471
06649430
06126085
06868598
06357394
06813096
06127095
06227044
06907779
06707520
06169302
06101630
06955624
06582314
06054474
06521491
06180123
06213676
06839343
06727246
06782983
06133287
06247889
06271452
06274683
06490243
06797473
06910841
06982329
06496555
06669763
06506653
06937490
06988444
06302493
06189089
06025363
06837369
06869715
06107247
06498537
06008000
06241225
06681677
06442823
06296956
06021542
06549773
06443126
06451164
06916878
06576062
06456067
06009093
06813430
06667460
06627344
06258631
06286860
06961733
06367821
06929176
06703102
06562137
06387166
06070289
06612191
06129803
06646357
06674343
06106906
06953858
06253859
06320376
06575166
06224896
06504908
06494499
06516063
06063909
06924916
06507700
06116475
06117261
06387617
06607365
06867354
06722509
06676971
06508817
06922540
06506736
06413305
06155469
06243596
06512239
06073953
06487965
06160726
06916033
06363356
06204675
06777963
06879456
06093344
06532457
06514502
06935994
06673406
06418968
06850700
06708026
06312654
06123360
06483783
06117829
06048383
06985657
06647646
06887943
06262526
06020857
06242806
06554131
06413365
06121296
06780795
06362465
06285702
06711677
06247720
06437587
06925843
06944642
06816362
06011015
06138968
06229506
06915326
06244111
06935457
06604248
06287857
06054639
06200442
06495170
06536308
06294213
06384116
06537933
06822822
06340239
06723152
06353221
06818443
06408796
06133376
06674028
06855087
06397859
06417047
06956942
06656201
06538502
06580763
06012826
06054559
06209559
06961761
06039548
06511214
06608938
06932875
06258831
06940277
06979873
06219535
06008995
06906765
06376579
06296402
06967076
06379112
06693530
06434654
06366128
06261249
06889865
06096723
06067783
06387293
06630833
06268387
06914266
06448057
06863933
06434829
06887137
06330322
06084056
06485546
06861113
06694675
06417829
06170009
06746220
06312815
06617928
06935549
06667669
06439154
06704108
06830501
06662586
06594066
06058706
06389136
06460743
06357535
06212223
06343260
06656182
06351516
06122861
06868904
06786998
06379413
06083099
06378250
06082663
06607473
06169980
06845899
06397564
06942577
06538606
06113628
06243062
06762203
06484399
06101930
06650559
06098638
06902720
06802153
06054048
06132138
06502961
06551450
06572683
06683198
06935550
06503245
06854286
06655308
06097520
06601901
06079533
06841227
06637499
06296557
06150278
06877852
06803798
06643139
06739087
06334027
06486700
06133906
06827508
06925817
06443854
06883591
06822722
06912674
06468349
06054793
06453564
06325628
06968176
06150776
06425638
06852046
06123975
06225488
06786487
06731534
06264456
06742354
06804255
06650866
06954938
06373090
06863937
06664146
06646134
06038156
06102470
06238477
06247786
06952073
06780319
06085264
06780014
06343660
06519275
06136973
06140756
06951795
06112808
06587232
06042303
06294050
06354157
06017371
06766823
06214019
06710116
06540157
06073768
06118665
06123382
06247480
06534766
06278285
06967364
06181458
06181704
06096530
06740765
06891675
06766046
06299981
06734515
06315890
06080241
06274054
06632398
06027650
06624686
06456255
06273158
06981954
06846602
06852346
06377597
06247815
06174327
06675142
06726906
06463347
06627591
06906401
06246711
06185680
06731841
06472995
06300969
06808556
06663654
06342731
06504055
06116155
06598921
06228407
06186051
06011313
06208003
06231758
06325427
06570160
06991910
06283214
06877072
06633171
06748656
06409529
06055332
06752779
06219743
06182366
06188875
06523343
06035515
06864870
06851465
06224030
06903304
06265424
06460458
06747396
06622716
06115734
06150215
06474648
06750651
06379244
06119562
06163679
06182882
06266483
06498780
06467229
06612076
06700738
06238927
06544609
06701116
06506303
06624637
06034410
06532587
06511271
06246775
06459302
06913410
06021794
06753661
06807821
06112744
06473100
06427455
06207336
06798317
06757176
06447960
06029471
06931244
06901894
06948753
06411370
06960571
06487119
06131066
06417016
06724392
06047485
06590026
06814151
06427606
06605012
06593366
06323355
06767627
06795359
06683615
06289861
06754907
06955345
06339211
06318771
06664062
06810696
06158658
06258299
06853030
06513544
06517218
06277788
06645759
06182789
06998583
06756114
06096480
06634263
06505946
06055220
06324572
06922187
06162498
06012935
06188402
06289676
06084832
06710098
06159491
06896544
06596342
06411316
06499640
06886165
06033859
06387510
06152847
06813357
06394162
06207886
06220681
06573375
06527133
06583347
06112730
06809517
06724972
06665346
06601647
06001455
06075690
06587919
06937254
06825124
06924330
06559095
06513720
06713257
06260919
06582685
06467459
06082791
06132831
06402256
06110114
06917370
06456748
06405882
06747311
06805176
06188938
06687746
06309243
06822744
06499927
06085258
06661845
06857500
06960514
06035733
06311215
06598199
06163337
06864934
06588485
06017511
06614317
06192766
06635112
06864015
06616896
06903260
06384827
06609563
06776820
06930457
06892294
06960399
06069499
06882326
06990449
06160783
06771142
06732993
06320784
06893802
06517405
06321342
06436179
06695154
06818736
06627635
06380237
06849861
06832394
06534112
06761142
06345182
06063852
06916921
06004865
06929125
06294314
06047239
06147631
06128001
06133320
06460013
06144866
06341066
06886939
06360969
06957953
06895249
06457453
06197082
06737030
06994623
06315572
06064746
06412143
06032527
06637289
06708996
06793973
06474515
06390060
06063864
06720810
06258973
06646989
06861266
06387757
06934815
06966728
06818025
06704365
06913375
06866493
06776734
06218455
06987494
06045686
06204885
06522315
06023286
06341898
06688710
06064514
06386098
06948628
06137182
06667498
06496088
06964932
06091846
06294163
06864940
06495866
06828764
06134765
06958727
06215051
06378745
06841641
06015343
06158146
06508684
06401287
06417265
06031785
06951466
06261933
06334929
06973499
06099140
06487111
06572837
06678196
06140622
06703062
06014592
06929056
06654657
06779021
06518080
06146708
06628197
06122686
06976185
06133569
06030488
06613018
06031615
06723526
06866262
06981693
06190033
06119071
06695149
06051298
06822024
06252585
06964445
06075887
06971488
06697445
06557912
06867225
06274882
06091931
06478570
06265285
06997363
06673239
06853149
06819081
06889633
06234475
06004106
06272243
06816058
06559495
06800498
06136242
06384065
06776955
06128714
06247084
06708401
06784604
06588084
06370609
06461850
06878328
06835090
06671285
06794349
06119455
06610421
06027504
06353196
06182574
06037337
06631326
06606708
06056919
06609691
06295659
06595893
06618770
06436960
06803306
06243727
06502316
06223520
06554293
06050737
06965410
06598677
06225491
06753811
06849585
06915653
06960744
06321637
06436782
06500844
06510303
06526850
06599310
06812809
06468816
06655596
06736644
06900155
06106283
06807994
06603580
06391920
06219361
06949693
06423594
06485489
06786683
06150199
06449618
06419950
06124871
06627302
06813515
06245433
06200473
06397150
06209124
06312694
06199686
06656026
06064346
06272940
06360755
06104851
06507421
06615093
06441106
06761015
06322891
06151211
06383282
06494196
06662440
06937736
06204555
06945272
06974507
06822749
06252943
06168389
06314715
06458467
06310056
06666321
06225557
06274784
06742949
06689906
06574783
06445703
06111379
06737676
06201640
06107219
06988292
06684657
06360971
06483966
06483105
06140275
06792595
06733798
06474401
06733531
06554499
06385284
06372537
06863348
06867549
06730038
06734356
06591897
06843359
06614220
06103924
06910822
06627271
06031865
06641730
06900481
06327247
06866516
06515488
06405218
06729276
06182499
06055436
06454436
06565642
06263474
06819217
06733622
06341642
06656751
06711408
06637813
06552617
06387415
06243262
06752444
06938342
06438051
06165165
06316701
06395678
06697427
06046555
06337948
06140803
06998740
06786128
06062665
06258998
06248433
06894540
06511867
06543168
06160518
06312667
06588703
06068071
06886763
06343303
06003172
06954044
06124989
06137936
06437681
06105079
06137498
06213046
06463534
06694485
06727343
06669313
06393945
06652239
06700252
06433895
06754000
06180662
06913155
06012330
06779144
06633047
06091445
06629208
06839755
06183231
06636783
06184414
06583068
06802249
06284199
06760083
06039697
06219112
06383363
06390672
06522550
06913907
06702525
06150042
06154681
06781618
06954310
06450332
06141684
06163037
06260847
06550546
06641884
06076149
06549901
06175543
06438470
06032821
06355440
06447654
06603093
06980432
06858617
06575595
06374997
06044360
06930495
06605055
06051741
06388491
06473062
06072552
06967561
06056739
06281535
06765835
06572652
06252170
06910342
06566883
06253323
06839766
06206576
06064212
06863562
06077963
06361926
06632073
06458214
06787461
06400017
06960323
06789299
06196488
06613852
06452163
06365695
06993793
06200784
06775351
06111757
06588700
06818868
06171537
06606003
06007946
06045630
06126496
06614232
06681227
06809086
06914585
06372943
06142329
06457529
06694980
06716617
06425436
06957946
06966944
06652238
06545136
06420063
06608986
06339691
06585757
06283098
06043666
06984909
06545237
06098502
06909761
06210555
06748260
06534278
06689490
06481354
06087180
06541121
06807380
06812949
06187096
06729588
06098784
06899966
06544220
06967091
06936910
06969445
06365464
06493973
06412503
06679628
06067783
06091980
06993911
06037514
06061250
06009923
06832657
06364716
06714231
06910184
06452214
06313278
06892514
06343721
06741789
06586526
06140812
06022136
06762731
06122092
06746581
06105647
06735821
06454711
06394295
06036079
06822237
06058049
06968881
06820577
06372519
06757519
06370541
06707867
06875610
06485266
06080941
06013166
06658190
06950992
06138527
06070338
06081126
06416446
06484416
06814621
06193637
06952565
06074865
06723484
06157239
06334341
06105402
06295192
06918875
06316530
06992698
06078182
06715516
06534493
06157542
06079159
06010133
06753034
06903804
06657220
06434191
06310821
06576204
06005655
06091449
06250255
06484266
06034938
06186683
06400551
06007680
06021874
06688722
06285594
06876426
06547293
06265503
06601232
06390262
06831101
06817523
06080283
06861081
06470311
06898237
06612346
06524323
06963184
06679329
06400741
06366171
06247749
06126345
06506559
06631630
06500012
06649498
06248044
06018517
06886262
06079987
06323197
06557506
06283952
06521870
06696713
06652564
06115085
06887245
06202934
06438765
06118346
06215781
06407696
06862315
06679457
06515242
06157916
06128426
06666633
06389976
06792758
06801800
06140603
06829555
06876816
06507596
06283624
06387538
06590477
06088044
06364248
06621917
06706376
06455356
06478686
06630839
06887081
06620241
06203846
